1.000000000000000048e-04 5.368525518294552512e+02
1.020200000000000024e-04 5.473378750676911295e+02
1.040800000000000064e-04 5.580132948150173888e+02
1.061800000000000032e-04 5.689088263097111167e+02
1.083300000000000013e-04 5.800044593929208077e+02
1.105200000000000057e-04 5.913302093029237767e+02
1.127500000000000030e-04 6.028660658808686321e+02
1.150300000000000015e-04 6.146320392856068793e+02
1.173500000000000064e-04 6.266281295171381771e+02
1.197199999999999989e-04 6.388543365754630941e+02
1.221399999999999927e-04 6.513106604605812890e+02
1.246099999999999877e-04 6.640271164107703044e+02
1.271199999999999891e-04 6.769736891877524840e+02
1.296899999999999865e-04 6.901803940298055977e+02
1.323100000000000122e-04 7.036472309369293043e+02
1.349900000000000069e-04 7.173741999091238313e+02
1.377100000000000080e-04 7.313713060258148744e+02
1.404900000000000051e-04 7.456385492870024336e+02
1.433299999999999982e-04 7.601759296926865090e+02
1.462299999999999874e-04 7.750034574017188334e+02
1.491800000000000049e-04 7.901111273346733697e+02
1.522000000000000132e-04 8.055289547298276602e+02
1.552699999999999957e-04 8.212269243489042765e+02
1.584099999999999961e-04 8.372450565096065702e+02
1.616099999999999926e-04 8.535733461325083908e+02
1.648700000000000122e-04 8.702117932176100794e+02
1.681999999999999956e-04 8.871804079237630276e+02
1.715999999999999969e-04 9.044691851715415396e+02
1.750699999999999891e-04 9.220981351197971208e+02
1.786000000000000044e-04 9.400772628479556943e+02
1.822100000000000054e-04 9.583965632765913369e+02
1.858899999999999973e-04 9.770760465645557815e+02
1.896500000000000020e-04 9.961157127118488006e+02
1.934799999999999975e-04 1.015515561718470622e+03
1.973900000000000058e-04 1.035325618981550178e+03
2.013799999999999998e-04 1.055435828627403680e+03
2.054400000000000117e-04 1.076046292244546976e+03
2.095900000000000042e-04 1.096956908244464330e+03
2.138300000000000042e-04 1.118367778215671478e+03
2.181499999999999900e-04 1.140178851363910326e+03
2.225499999999999885e-04 1.162290076894923459e+03
2.270499999999999895e-04 1.185001607191484482e+03
2.316399999999999980e-04 1.208013289870819335e+03
2.363199999999999871e-04 1.231525226521443983e+03
2.410900000000000109e-04 1.255537417143358653e+03
2.459599999999999829e-04 1.279949810942304794e+03
2.509300000000000115e-04 1.304862458712541411e+03
2.559999999999999884e-04 1.330275360454067368e+03
2.611700000000000219e-04 1.356088465372625933e+03
2.664499999999999985e-04 1.382501875056731706e+03
2.718299999999999775e-04 1.409415538712127727e+03
2.773200000000000079e-04 1.436729405544555448e+03
2.829199999999999814e-04 1.464743627936789153e+03
2.886400000000000012e-04 1.493158053506054785e+03
2.944700000000000182e-04 1.522172783840868306e+03
3.004199999999999731e-04 1.551787818941229489e+03
3.064899999999999743e-04 1.581903108012880693e+03
3.126800000000000217e-04 1.612618701850079788e+03
3.189900000000000070e-04 1.643934600452826544e+03
3.254399999999999741e-04 1.675850803821121417e+03
3.320099999999999874e-04 1.708367311954964180e+03
3.387199999999999825e-04 1.741484124854354604e+03
3.455600000000000186e-04 1.775301293313551241e+03
3.525399999999999823e-04 1.809718766538295313e+03
3.596599999999999819e-04 1.844736544528587274e+03
3.669300000000000122e-04 1.880554728872943315e+03
3.743400000000000243e-04 1.916973217982847018e+03
3.819000000000000129e-04 1.954092062652556706e+03
3.896200000000000271e-04 1.991911262882072151e+03
3.974900000000000178e-04 2.030530869465651449e+03
4.055199999999999799e-04 2.069850831609036504e+03
4.137100000000000217e-04 2.109871149312227772e+03
4.220699999999999756e-04 2.150691873369481982e+03
4.306000000000000040e-04 2.192212952986542859e+03
4.392900000000000038e-04 2.234634489751925230e+03
4.481700000000000137e-04 2.277756382077113358e+03
4.572199999999999897e-04 2.321778731550623434e+03
4.664599999999999758e-04 2.366501436583939721e+03
4.758799999999999771e-04 2.412224649559835143e+03
4.854999999999999832e-04 2.458748268889794872e+03
4.952999999999999504e-04 2.506072294573817999e+03
5.053100000000000256e-04 2.554396828200421169e+03
5.155199999999999973e-04 2.603621818975346287e+03
5.259299999999999739e-04 2.653747266898592898e+03
5.365600000000000534e-04 2.704773171970161457e+03
5.473900000000000293e-04 2.756799584984309604e+03
5.584500000000000488e-04 2.809726455146779699e+03
5.697299999999999543e-04 2.863753884046087478e+03
5.812400000000000119e-04 2.918681770093716750e+03
5.929900000000000535e-04 2.974710214878184161e+03
6.049599999999999813e-04 3.031739167605231160e+03
6.171899999999999912e-04 3.089768628274858202e+03
6.296500000000000447e-04 3.148998698475581023e+03
6.423699999999999636e-04 3.209229276618882977e+03
6.553499999999999647e-04 3.270660464293281166e+03
6.685900000000000480e-04 3.333092159910259397e+03
6.821000000000000457e-04 3.396724465058332953e+03
6.958799999999999578e-04 3.461557379737502288e+03
7.099300000000000012e-04 3.527590903947767401e+03
7.242699999999999486e-04 3.594825037689128294e+03
7.389099999999999575e-04 3.663259780961584966e+03
7.538300000000000382e-04 3.732895133765136961e+03
7.690600000000000127e-04 3.803831146894042831e+03
7.845999999999999893e-04 3.876067820348302575e+03
8.004499999999999680e-04 3.949605154127915739e+03
8.166199999999999978e-04 4.024443148232883232e+03
8.331099999999999704e-04 4.100681853457462239e+03
8.499399999999999837e-04 4.178221219007395121e+03
8.671100000000000379e-04 4.257161295676938607e+03
8.846299999999999650e-04 4.337602134260351704e+03
9.024999999999999819e-04 4.419443683963378135e+03
9.207300000000000293e-04 4.502685944786015170e+03
9.393300000000000477e-04 4.587428967522522726e+03
9.583099999999999778e-04 4.673672752172898981e+03
9.776699999999999280e-04 4.761417298737144847e+03
9.974199999999999473e-04 4.850762658009518418e+03
1.017600000000000015e-03 4.941608779195762509e+03
1.038099999999999917e-03 5.033955662295874390e+03
1.059100000000000102e-03 5.128103459692631986e+03
1.080500000000000080e-03 5.223752019003258283e+03
1.102300000000000068e-03 5.321001391022012285e+03
1.124599999999999905e-03 5.420051677337410183e+03
1.147299999999999969e-03 5.520702776360934877e+03
1.170500000000000099e-03 5.623154789681104376e+03
1.194100000000000023e-03 5.727307666503657856e+03
1.218200000000000012e-03 5.833161406828598047e+03
1.242899999999999908e-03 5.940916112244440228e+03
1.268000000000000030e-03 6.050371681162668210e+03
1.293600000000000002e-03 6.161628164377538269e+03
1.319700000000000040e-03 6.274885663477568414e+03
1.346399999999999984e-03 6.389844026079985269e+03
1.373599999999999995e-03 6.506803404567560392e+03
1.401300000000000072e-03 6.625663748146037506e+03
1.429600000000000055e-03 6.746525107609674706e+03
1.458499999999999944e-03 6.869287432164212987e+03
1.487999999999999956e-03 6.994050772603910445e+03
1.518000000000000035e-03 7.120815128928767990e+03
1.548700000000000077e-03 7.249580501138784712e+03
1.580000000000000024e-03 7.380446940028218705e+03
1.611900000000000095e-03 7.513314394802812785e+03
1.644499999999999912e-03 7.648282916256824137e+03
1.677700000000000068e-03 7.785352504390253671e+03
1.711599999999999970e-03 7.924523159203100477e+03
1.746200000000000052e-03 8.065794880695364554e+03
1.781400000000000041e-03 8.209267719661304000e+03
1.817400000000000048e-03 8.354941676100919722e+03
1.854100000000000019e-03 8.502716699219950897e+03
1.891600000000000009e-03 8.652692839812658349e+03
1.929799999999999962e-03 8.804970148673301082e+03
1.968800000000000151e-03 8.959348524213359269e+03
2.008600000000000142e-03 9.116028068021352738e+03
2.049099999999999880e-03 9.275008780097277850e+03
2.090499999999999910e-03 9.436190609646881057e+03
2.132799999999999800e-03 9.599673607464415909e+03
2.175799999999999870e-03 9.765457773549884223e+03
2.219800000000000072e-03 9.933443057109028814e+03
2.264599999999999860e-03 1.010412971211313743e+04
2.310400000000000214e-03 1.027621707823685938e+04
2.357099999999999994e-03 1.045130596818832055e+04
2.404700000000000067e-03 1.062839587402493999e+04
2.453299999999999838e-03 1.080848730368929864e+04
2.502799999999999903e-03 1.099057974923881739e+04
2.553399999999999941e-03 1.117467321067349621e+04
2.605000000000000111e-03 1.136176819593591426e+04
2.657599999999999980e-03 1.155086419708349058e+04
2.711299999999999821e-03 1.174196121411622880e+04
2.765999999999999796e-03 1.193505924703412529e+04
2.821900000000000016e-03 1.213115880377976100e+04
2.878900000000000209e-03 1.232925937641055498e+04
2.937100000000000214e-03 1.252936096492651086e+04
2.996400000000000192e-03 1.273246407727020414e+04
3.056899999999999982e-03 1.293756820549905751e+04
3.118699999999999858e-03 1.314467334961307097e+04
3.181699999999999980e-03 1.335377950961224451e+04
3.246000000000000187e-03 1.356488668549657632e+04
3.311500000000000207e-03 1.377899538520864735e+04
3.378400000000000153e-03 1.399510510080587846e+04
3.446700000000000024e-03 1.421221532434569053e+04
3.516299999999999981e-03 1.443232707171324000e+04
3.587400000000000137e-03 1.465443983496594956e+04
3.659799999999999946e-03 1.487855361410381920e+04
3.733799999999999793e-03 1.510466840912684893e+04
3.809199999999999999e-03 1.533178371209245779e+04
3.886099999999999971e-03 1.556190053888580587e+04
3.964600000000000415e-03 1.579401838156431222e+04
4.044700000000000031e-03 1.602713673218540134e+04
4.126399999999999686e-03 1.626225609869164691e+04
4.209799999999999653e-03 1.649837597314047525e+04
4.294799999999999660e-03 1.673749737141704099e+04
4.381600000000000251e-03 1.697661876969360674e+04
4.470100000000000288e-03 1.721774118385533075e+04
4.560400000000000044e-03 1.746086461390221666e+04
4.652500000000000385e-03 1.770498855189168171e+04
4.746499999999999851e-03 1.795011299782372589e+04
4.842400000000000176e-03 1.819623795169834921e+04
4.940199999999999626e-03 1.844336341351555529e+04
5.040000000000000209e-03 1.869148938327534051e+04
5.141899999999999596e-03 1.894061586097770123e+04
5.245699999999999842e-03 1.919074284662264472e+04
5.351700000000000033e-03 1.944187034021017098e+04
5.459799999999999896e-03 1.969299783379769360e+04
5.570099999999999704e-03 1.994412532738521622e+04
5.682600000000000325e-03 2.019525282097273885e+04
5.797400000000000296e-03 2.044738082250284060e+04
5.914499999999999619e-03 2.069950882403294599e+04
6.034000000000000301e-03 2.095163682556304775e+04
6.155899999999999740e-03 2.120276431915057037e+04
6.280299999999999945e-03 2.145389181273809663e+04
6.407200000000000048e-03 2.170501930632561925e+04
6.536600000000000049e-03 2.195514629197056274e+04
6.668600000000000222e-03 2.220427276967292710e+04
6.803299999999999972e-03 2.245239873943270868e+04
6.940799999999999574e-03 2.269852369330733200e+04
7.080999999999999621e-03 2.294464864718195895e+04
7.224000000000000386e-03 2.318777207722884486e+04
7.369999999999999815e-03 2.342989499933314801e+04
7.518900000000000236e-03 2.367001690555229288e+04
7.670800000000000188e-03 2.390813779588627949e+04
7.825699999999999670e-03 2.414425767033510783e+04
7.983799999999999231e-03 2.437737602095619513e+04
8.145100000000000603e-03 2.460749284774954140e+04
8.309600000000000319e-03 2.483360764277257113e+04
8.477500000000000660e-03 2.505772142191044259e+04
8.648799999999999891e-03 2.527783316927799024e+04
8.823499999999999746e-03 2.549494339281780049e+04
9.001699999999999632e-03 2.570705107664471507e+04
9.183600000000000096e-03 2.591515672870130584e+04
9.369099999999999998e-03 2.611825984104500094e+04
9.558300000000000476e-03 2.631736092161837587e+04
9.751400000000000345e-03 2.651145946247885149e+04
9.948399999999999604e-03 2.669955495568384868e+04
1.014900000000000004e-02 2.688164740123336742e+04
1.035400000000000036e-02 2.705873730706999049e+04
1.056400000000000047e-02 2.722882365730855236e+04
1.077700000000000012e-02 2.739190645194905301e+04
1.099499999999999957e-02 2.754798569099149972e+04
1.121699999999999954e-02 2.769806188237846436e+04
1.144300000000000005e-02 2.783913350228221316e+04
1.167499999999999961e-02 2.797420207453048351e+04
1.191000000000000045e-02 2.810026607529553439e+04
1.215100000000000034e-02 2.821932652046252770e+04
1.239700000000000003e-02 2.832938239414630152e+04
1.264700000000000026e-02 2.842943318840428037e+04
1.290200000000000027e-02 2.852047941117903974e+04
1.316299999999999935e-02 2.860052004658542137e+04
1.342899999999999996e-02 2.866855458668084611e+04
1.370000000000000037e-02 2.872558353940789311e+04
1.397699999999999984e-02 2.877060639682398323e+04
1.425900000000000084e-02 2.880462366687169560e+04
1.454699999999999917e-02 2.882863585749360936e+04
1.484100000000000003e-02 2.884464398457488642e+04
1.514099999999999994e-02 2.885364855605810226e+04
1.544700000000000066e-02 2.885564957194326416e+04
1.575899999999999870e-02 2.885164754017294399e+04
1.607700000000000101e-02 2.883864093691940798e+04
1.640199999999999991e-02 2.881662976218265248e+04
1.673399999999999888e-02 2.878161198419236098e+04
1.707200000000000037e-02 2.873158658706337155e+04
1.741600000000000092e-02 2.866655357079568421e+04
1.776799999999999907e-02 2.858451191950414432e+04
1.812700000000000075e-02 2.848346061730358633e+04
1.849299999999999902e-02 2.836440017213659303e+04
1.886699999999999836e-02 2.822733058400316440e+04
1.924800000000000122e-02 2.807125134496072133e+04
1.963700000000000168e-02 2.789716296295183929e+04
2.003399999999999972e-02 2.770306442209136367e+04
2.043800000000000130e-02 2.749195724620703186e+04
2.085100000000000148e-02 2.726584245118400213e+04
2.127199999999999924e-02 2.702472003702227812e+04
2.170199999999999907e-02 2.677059101960701446e+04
2.214100000000000096e-02 2.650645692276595219e+04
2.258800000000000044e-02 2.623231774649909494e+04
2.304399999999999851e-02 2.594917399874901821e+04
2.350999999999999965e-02 2.565802618745830478e+04
2.398499999999999938e-02 2.535787380468437186e+04
2.446900000000000117e-02 2.504871685042722311e+04
2.496400000000000008e-02 2.473155583262943401e+04
2.546800000000000105e-02 2.440639075129100820e+04
2.598200000000000162e-02 2.407322160641194205e+04
2.650699999999999931e-02 2.373104789004966005e+04
2.704300000000000107e-02 2.337886909426157945e+04
2.758899999999999894e-02 2.301568471110512110e+04
2.814600000000000088e-02 2.264249524852286777e+04
2.871500000000000094e-02 2.225729969062965392e+04
2.929500000000000159e-02 2.186109854536806233e+04
2.988700000000000037e-02 2.145989486039357507e+04
3.048999999999999974e-02 2.105669015953392591e+04
3.110600000000000170e-02 2.065648698250201414e+04
3.173499999999999932e-02 2.026428786901074272e+04
3.237600000000000200e-02 1.988209383494526992e+04
3.302999999999999686e-02 1.951390691207591226e+04
3.369699999999999779e-02 1.915772608451751512e+04
3.437799999999999884e-02 1.881054982844233018e+04
3.507199999999999901e-02 1.846837611208004819e+04
3.578100000000000031e-02 1.812920391954550723e+04
3.650400000000000172e-02 1.779003172701096264e+04
3.724100000000000327e-02 1.744785801064868065e+04
3.799299999999999899e-02 1.710468378634381588e+04
3.876099999999999685e-02 1.676050905409637562e+04
3.954400000000000276e-02 1.641833533773409363e+04
4.034299999999999692e-02 1.607816263725696808e+04
4.115800000000000014e-02 1.574099146060758540e+04
4.198899999999999855e-02 1.540982333161367933e+04
4.283800000000000108e-02 1.508665926616041361e+04
4.370299999999999879e-02 1.477350028013294286e+04
4.458600000000000063e-02 1.447334789735901177e+04
4.548599999999999866e-02 1.419120465755151417e+04
4.640500000000000180e-02 1.392807106865303467e+04
4.734300000000000314e-02 1.368594814654872971e+04
4.829900000000000165e-02 1.346783741506633851e+04
4.927499999999999936e-02 1.326773582655038444e+04
5.027000000000000218e-02 1.308464287305828475e+04
5.128599999999999826e-02 1.291255550693456462e+04
5.232200000000000045e-02 1.274947271229406033e+04
5.337900000000000283e-02 1.259239296530903630e+04
5.445699999999999846e-02 1.243731423420917054e+04
5.555700000000000222e-02 1.228323601105188573e+04
5.668000000000000121e-02 1.212715677200944083e+04
5.782500000000000140e-02 1.196807600913925671e+04
5.899299999999999683e-02 1.180299219861359416e+04
6.018400000000000138e-02 1.163190534043245316e+04
6.140000000000000319e-02 1.145281441871067364e+04
6.264100000000000223e-02 1.126571943344825559e+04
6.390600000000000447e-02 1.107062038464519901e+04
6.519700000000000495e-02 1.086751727230150573e+04
6.651400000000000368e-02 1.065841111230233219e+04
6.785800000000000165e-02 1.044330190464768202e+04
6.922899999999999887e-02 1.022218964933755160e+04
7.062699999999999534e-02 9.991972771749944513e+03
7.205400000000000693e-02 9.750750306793961499e+03
7.351000000000000589e-02 9.496020984613152905e+03
7.499400000000000510e-02 9.226083941705128382e+03
7.650899999999999368e-02 8.940739076481377197e+03
7.805499999999999938e-02 8.644088471506474889e+03
7.963199999999999446e-02 8.340834514110545570e+03
8.124099999999999377e-02 8.034979236063906683e+03
8.288199999999999734e-02 7.730324567548365849e+03
8.455600000000000616e-02 7.430572387951466226e+03
8.626399999999999346e-02 7.139324525866493786e+03
8.800700000000000189e-02 6.859582505121189570e+03
8.978500000000000369e-02 6.593747544777742405e+03
9.159799999999999887e-02 6.344020762309831298e+03
9.344900000000000428e-02 6.112002970425581225e+03
9.533700000000000507e-02 5.898894778656089329e+03
9.726300000000000223e-02 5.705596644149677559e+03
9.922699999999999576e-02 5.532208617700602190e+03
1.012300000000000005e-01 5.377830242160544003e+03
1.032799999999999968e-01 5.241761161969694513e+03
1.053599999999999953e-01 5.122700716802701209e+03
1.074900000000000022e-01 5.018147636803115347e+03
1.096599999999999936e-01 4.925100398143195889e+03
1.118799999999999933e-01 4.840657527789462620e+03
1.141400000000000053e-01 4.761117146354370561e+03
1.164400000000000018e-01 4.681676815713536598e+03
1.188000000000000028e-01 4.598134402508126186e+03
1.212000000000000022e-01 4.506988128939107810e+03
1.236499999999999960e-01 4.405436572767261168e+03
1.261400000000000021e-01 4.291278616518909075e+03
1.286899999999999988e-01 4.163913955428503868e+03
1.312899999999999900e-01 4.024042945055851305e+03
1.339400000000000035e-01 3.872966245726305260e+03
1.366499999999999937e-01 3.713685381267605408e+03
1.394100000000000061e-01 3.549602078684522439e+03
1.422299999999999953e-01 3.384818420541633259e+03
1.451000000000000068e-01 3.224737149728869554e+03
1.480299999999999949e-01 3.074160704370613530e+03
1.510199999999999876e-01 2.936590862265894884e+03
1.540700000000000125e-01 2.814929096448194286e+03
1.571799999999999864e-01 2.710075864065833684e+03
1.603600000000000025e-01 2.620930606381975849e+03
1.635999999999999954e-01 2.545892510688493076e+03
1.668999999999999928e-01 2.482360256334677160e+03
1.702799999999999869e-01 2.427232268698531698e+03
1.737100000000000033e-01 2.376506516009737425e+03
1.772199999999999886e-01 2.326080915703716983e+03
1.807999999999999885e-01 2.271553232833119182e+03
1.844600000000000128e-01 2.209421689598915236e+03
1.881799999999999862e-01 2.138385625675751271e+03
1.919800000000000118e-01 2.058445041063627286e+03
1.958600000000000063e-01 1.971801053236218650e+03
1.998199999999999976e-01 1.881555236815522903e+03
2.038600000000000134e-01 1.791509521983343348e+03
2.079699999999999882e-01 1.705765991304256886e+03
2.121800000000000075e-01 1.628426727342840195e+03
2.164600000000000135e-01 1.560992492012963567e+03
2.208299999999999985e-01 1.503163132931852715e+03
2.253000000000000003e-01 1.454738548510991450e+03
2.298499999999999988e-01 1.413117418099672932e+03
2.344900000000000040e-01 1.374797963898867465e+03
2.392299999999999982e-01 1.336578560492320321e+03
2.440599999999999992e-01 1.296158039612097355e+03
2.489899999999999891e-01 1.251835537755813220e+03
2.540200000000000236e-01 1.202510496186630462e+03
2.591499999999999915e-01 1.150083879995450161e+03
2.643900000000000139e-01 1.097657263804270087e+03
2.697300000000000253e-01 1.047731917469539439e+03
2.751799999999999802e-01 1.002008704493643677e+03
2.807399999999999896e-01 9.613780769454790516e+02
2.864099999999999979e-01 9.265103751465738924e+02
2.921900000000000053e-01 8.955646644825815201e+02
2.980999999999999761e-01 8.661697411295878055e+02
3.041200000000000014e-01 8.364546552349684134e+02
3.102599999999999802e-01 8.057090461594920043e+02
3.165299999999999780e-01 7.736527716792360252e+02
3.229199999999999848e-01 7.404459130650134284e+02
3.294500000000000206e-01 7.076692728660999592e+02
3.361000000000000099e-01 6.770437247437331507e+02
3.428899999999999726e-01 6.495697766404924778e+02
3.498200000000000198e-01 6.245770882348497253e+02
3.568899999999999850e-01 6.011752074579088685e+02
3.640900000000000247e-01 5.786137533527349888e+02
3.714500000000000024e-01 5.563524516303350538e+02
3.789500000000000091e-01 5.339410737165479759e+02
3.866100000000000092e-01 5.113295942142451054e+02
3.944199999999999928e-01 4.892984093186385053e+02
4.023900000000000254e-01 4.686079050660887901e+02
4.105199999999999960e-01 4.495482287599440951e+02
4.188100000000000156e-01 4.317191772231724940e+02
4.272699999999999831e-01 4.146705218816131264e+02
4.359000000000000097e-01 3.981121154319179141e+02
4.447099999999999942e-01 3.820539629535125528e+02
4.536899999999999822e-01 3.664860593669712330e+02
4.628599999999999937e-01 3.514184097517198211e+02
4.722100000000000186e-01 3.368410090283325644e+02
4.817400000000000015e-01 3.227638622762351019e+02
4.914799999999999724e-01 3.091769644160017378e+02
5.014100000000000223e-01 2.960903205270583385e+02
5.115300000000000402e-01 2.834739153711273616e+02
5.218699999999999450e-01 2.713477591070604831e+02
5.324100000000000499e-01 2.596818364965803880e+02
5.431700000000000417e-01 2.484861526191126870e+02
5.541399999999999659e-01 2.377306922363801220e+02
5.653299999999999992e-01 2.274254604278084457e+02
5.767499999999999849e-01 2.175504470345460675e+02
5.884000000000000341e-01 2.080956469771672062e+02
6.002899999999999903e-01 1.990510551762460238e+02
6.124199999999999644e-01 1.903966614729310152e+02
6.247899999999999565e-01 1.821124557083704758e+02
6.374100000000000321e-01 1.741884328031386531e+02
6.502900000000000347e-01 1.665945775189581752e+02
6.634200000000000097e-01 1.593408949352547950e+02
6.768300000000000427e-01 1.523873647343253879e+02
6.905000000000000027e-01 1.457339869161698971e+02
7.044500000000000206e-01 1.393607513219367320e+02
7.186799999999999855e-01 1.332576528722001115e+02
7.331999999999999629e-01 1.274146864875342260e+02
7.480099999999999527e-01 1.218218470885132945e+02
7.631200000000000205e-01 1.164591245162856978e+02
7.785400000000000098e-01 1.113265187708514503e+02
7.942599999999999660e-01 1.064140247727847708e+02
8.103099999999999747e-01 1.017016323632340402e+02
8.266799999999999704e-01 9.718533951042893193e+01
8.433800000000000185e-01 9.286114418259914771e+01
8.604100000000000081e-01 8.872004180826145614e+01
8.778000000000000247e-01 8.475302781593265422e+01
8.955300000000000482e-01 8.095509966589983719e+01
9.136199999999999877e-01 7.731925380256494407e+01
9.320800000000000196e-01 7.383848667032989965e+01
9.509100000000000330e-01 7.050779572948182761e+01
9.701100000000000279e-01 6.732017742442268116e+01
9.897099999999999786e-01 6.427162972338210523e+01
1.009700000000000042e+00 6.135414856281948204e+01
1.030100000000000016e+00 5.856473241890707016e+01
1.050899999999999945e+00 5.589737824398939381e+01
1.072100000000000053e+00 5.334708349835355534e+01
1.093800000000000106e+00 5.090884564228664289e+01
1.115899999999999892e+00 4.857766213607576589e+01
1.138400000000000079e+00 4.635053145589319001e+01
1.161399999999999988e+00 4.422245106202601761e+01
1.184900000000000064e+00 4.218841841476133681e+01
1.208800000000000097e+00 4.024643249821399138e+01
1.233300000000000063e+00 3.839049026472851267e+01
1.258199999999999985e+00 3.661759019047714503e+01
1.283600000000000074e+00 3.492373024368959022e+01
1.309500000000000108e+00 3.330590890053809972e+01
1.336000000000000076e+00 3.176112463719492851e+01
1.362999999999999989e+00 3.028637592983234228e+01
1.390500000000000069e+00 2.887766074668001792e+01
1.418600000000000083e+00 2.753297807185279922e+01
1.447200000000000042e+00 2.624832587358037017e+01
1.476499999999999924e+00 2.502270364392014912e+01
1.506299999999999972e+00 2.385210935110181296e+01
1.536699999999999955e+00 2.273454197924020548e+01
1.567800000000000082e+00 2.166800051245016689e+01
1.599399999999999933e+00 2.065048393484653744e+01
1.631799999999999917e+00 1.967899072260157567e+01
1.664700000000000069e+00 1.875252036777270348e+01
1.698399999999999910e+00 1.786807134653218654e+01
1.732699999999999907e+00 1.702464315093743252e+01
1.767700000000000049e+00 1.621923425716071421e+01
1.803399999999999892e+00 1.545084415725944993e+01
1.839800000000000102e+00 1.471847234329105625e+01
1.877000000000000002e+00 1.402011779937037339e+01
1.914900000000000047e+00 1.335377950961224336e+01
1.953600000000000003e+00 1.271845696607408804e+01
1.993000000000000105e+00 1.211214915287074412e+01
2.033300000000000107e+00 1.153385556205963525e+01
2.074399999999999800e+00 1.098357619364075966e+01
2.116299999999999848e+00 1.045830952378637768e+01
2.158999999999999808e+00 9.957255146142426128e+00
2.202599999999999891e+00 9.480012857531873394e+00
2.247100000000000097e+00 9.025081896040852314e+00
2.292499999999999982e+00 8.591461753726777673e+00
2.338799999999999990e+00 8.178251973441330591e+00
2.386099999999999888e+00 7.784452047241932071e+00
2.434299999999999908e+00 7.409261568774516249e+00
2.483499999999999819e+00 7.051680030096505014e+00
2.533599999999999852e+00 6.711107126442350079e+00
2.584799999999999986e+00 6.386542349869471558e+00
2.637000000000000011e+00 6.077385395612321162e+00
2.690300000000000136e+00 5.782835857316835693e+00
2.744699999999999918e+00 5.502293430217467751e+00
2.800100000000000033e+00 5.235057758754409818e+00
2.856700000000000017e+00 4.980628588956373726e+00
2.914400000000000102e+00 4.738205514469294499e+00
2.973300000000000054e+00 4.507488382910397995e+00
3.033300000000000107e+00 4.287676787925621902e+00
3.094599999999999795e+00 4.078370526337932844e+00
3.157099999999999795e+00 3.879169394970300111e+00
3.220899999999999874e+00 3.689473089057174970e+00
3.286000000000000032e+00 3.508881405421525379e+00
3.352300000000000058e+00 3.336894090092062282e+00
3.420100000000000140e+00 3.173311041480269434e+00
3.489199999999999857e+00 3.017531954820598550e+00
3.559600000000000097e+00 2.869256677730275928e+00
3.631600000000000161e+00 2.728185057826527871e+00
3.704899999999999860e+00 2.593816841138063989e+00
3.779799999999999827e+00 2.466051976870626827e+00
3.856100000000000083e+00 2.344490261847184787e+00
3.934000000000000163e+00 2.228731492890704491e+00
4.013499999999999623e+00 2.118675619206929372e+00
4.094599999999999795e+00 2.013922437618827388e+00
4.177299999999999791e+00 1.914271846537881627e+00
4.261700000000000266e+00 1.819423693581319057e+00
4.347800000000000331e+00 1.729277927954881333e+00
4.435599999999999987e+00 1.643434346481536856e+00
4.525199999999999889e+00 1.561892949161285182e+00
4.616600000000000037e+00 1.484253532817094934e+00
4.709900000000000198e+00 1.410416046654707323e+00
4.804999999999999716e+00 1.340180389085607215e+00
4.902099999999999902e+00 1.273446509315536268e+00
5.001100000000000101e+00 1.209914254961720781e+00
5.102100000000000080e+00 1.149583626024160310e+00
5.205199999999999605e+00 1.092154470120081156e+00
5.310399999999999565e+00 1.037626787249483540e+00
5.417600000000000193e+00 9.857204351884449878e-01
5.527099999999999902e+00 9.363853885398363275e-01
5.638700000000000045e+00 8.894915812711223779e-01
5.752600000000000158e+00 8.448989422703417906e-01
5.868900000000000006e+00 8.025174258226625001e-01
5.987400000000000055e+00 7.622369760544008832e-01
6.108399999999999608e+00 7.239475370918728725e-01
6.231799999999999784e+00 6.875490581408207902e-01
6.357700000000000351e+00 6.529614985658379611e-01
6.486100000000000421e+00 6.200848075726665964e-01
6.617099999999999760e+00 5.888489496053260774e-01
6.750799999999999912e+00 5.591538738695582822e-01
6.887199999999999989e+00 5.309495549682344828e-01
7.026299999999999990e+00 5.041459471865222808e-01
7.168199999999999683e+00 4.786730149684413349e-01
7.312999999999999723e+00 4.544707278374365278e-01
7.460799999999999876e+00 4.314790553169533527e-01
7.611500000000000377e+00 4.096379669304369142e-01
7.765299999999999869e+00 3.888874322013323725e-01
7.922100000000000364e+00 3.691774257325108333e-01
8.082200000000000273e+00 3.504479170474174565e-01
8.245400000000000063e+00 3.326588858283490713e-01
8.412000000000000810e+00 3.157603066781766721e-01
8.581899999999999196e+00 2.997221643586229223e-01
8.755300000000000082e+00 2.844744233137072031e-01
8.932199999999999918e+00 2.699970733845777904e-01
9.112600000000000477e+00 2.562500942535317350e-01
9.296699999999999520e+00 2.431934656028656994e-01
9.484500000000000597e+00 2.307971721943022636e-01
9.676099999999999923e+00 2.190211937101383399e-01
9.871600000000000819e+00 2.078455199915222595e-01
1.007099999999999973e+01 1.972301307207508514e-01
1.027399999999999913e+01 1.871450106595467233e-01
1.048199999999999932e+01 1.775801547284840964e-01
1.069400000000000084e+01 1.684955426098597442e-01
1.091000000000000014e+01 1.598711641448220810e-01
1.113000000000000078e+01 1.516770040950937704e-01
1.135500000000000043e+01 1.439030573812489222e-01
1.158399999999999963e+01 1.365193087650101444e-01
1.181799999999999962e+01 1.295157531669517692e-01
1.205700000000000038e+01 1.228623753487962655e-01
1.230100000000000016e+01 1.165491702311178684e-01
1.254899999999999949e+01 1.105661327344908268e-01
1.280300000000000082e+01 1.048732425412119140e-01
1.306099999999999994e+01 9.947850371482178100e-02
1.332499999999999929e+01 9.435590304881333323e-02
1.359399999999999942e+01 8.949543546376079184e-02
1.386899999999999977e+01 8.488209334052544686e-02
1.414899999999999913e+01 8.050487109173892764e-02
1.443500000000000050e+01 7.635076211414772163e-02
1.472700000000000031e+01 7.240976132832599443e-02
1.502399999999999913e+01 6.866886213102020575e-02
1.532799999999999940e+01 6.512006045868976023e-02
1.563700000000000045e+01 6.175335123190880959e-02
1.595299999999999940e+01 5.855872937125159577e-02
1.627499999999999858e+01 5.552819081317746097e-02
1.660399999999999920e+01 5.265373149414576820e-02
1.694000000000000128e+01 4.992534633473072470e-02
1.728200000000000003e+01 4.733803279521943408e-02
1.763100000000000023e+01 4.488378681207123855e-02
1.798699999999999832e+01 4.255460432174552887e-02
1.835099999999999909e+01 4.034648329247196574e-02
1.872100000000000009e+01 3.825141966070992605e-02
1.909900000000000020e+01 3.626341037880390777e-02
1.948499999999999943e+01 3.437845341498362017e-02
1.987900000000000134e+01 3.259054572159356122e-02
2.028000000000000114e+01 3.089468475892084148e-02
2.069000000000000128e+01 2.928586798725256457e-02
2.110800000000000054e+01 2.776009337481841199e-02
2.153500000000000014e+01 2.631335888984805832e-02
2.196999999999999886e+01 2.494066199262860717e-02
2.241300000000000026e+01 2.363900115933232141e-02
2.286599999999999966e+01 2.240537486613146043e-02
2.332799999999999940e+01 2.123478057331312438e-02
2.379899999999999949e+01 2.012421675704957613e-02
2.428000000000000114e+01 1.907168240145565297e-02
2.477100000000000080e+01 1.807417598270361775e-02
2.527100000000000080e+01 1.712769546902315199e-02
2.578200000000000003e+01 1.623023984452909643e-02
2.630199999999999960e+01 1.537980809333628664e-02
2.683399999999999963e+01 1.457439919955956856e-02
2.737600000000000122e+01 1.381001113142862023e-02
2.792899999999999849e+01 1.308564338100086551e-02
2.849299999999999855e+01 1.239929493239113993e-02
2.906899999999999906e+01 1.174796426177170811e-02
2.965599999999999881e+01 1.113165136914256656e-02
3.025499999999999901e+01 1.054735473067597643e-02
3.086599999999999966e+01 9.993773686046588528e-03
3.148999999999999844e+01 9.469107320957756077e-03
3.212599999999999767e+01 8.971954924289865865e-03
